
Insertion Sort
16	5903	3459	4108	5229	4652	4094	5108	4460	5189	4815	5925	4138	4019	5729	5037	4782	5005	552	864	869	844	914	815	772	726	806	780	914	823	808	926	824	
256	131603	115220	188173	123701	126625	128990	193469	168293	
4096	20867760	20579519	20818871	
65536	5107925840	5177646642	

Merge Sort
16	3668	2940	2876	2739	2816	2730	2751	2735	2685	2786	2859	2853	2778	2734	2695	2775	2629	2660	2755	2741	2644	6094	2760	2704	2789	2773	2756	2803	2803	15948	2719	2684	
256	176990	146020	146253	216551	177185	162893	162833	218134	
4096	24054694	25387235	24872864	
65536	5853110267	5896629701	
